1
2
3
12
31
23
1
2
212
3123
2
2
2
2
312
3
1
2
3
12
31
23
1
2
212
3123
2
2
2
2
312
3
1
2
3
12
31
23
1
2
212
3123
2
2
2
2
312
3
1
2
3
12
31
23
1
2
212
3123
2
2
2
2
312
3
1
2
3
12
31
23
1
2
212
3123
2
2
2
2
312
3
1
2
3
12
31
23
1
2
212
3123
2
2
2
2
312
3
1
2
3
12
31
23
1
2
212
3123
2
2
2
2
312
3
1
2
3
12
31
23
1
2
212
3123
2
2
2
2
312
3
1
2
3
12
31
23
1
2
212
3123
2
2
2
2
312
3
1
2
3
12
31
23
1
2
212
3123
2
2
2
2
312
3
1
2
3
12
31
23
1
2
212
3123
2
2
2
2
312
3
1
2
3
12
31
23
1
2
212
3123
2
2
2
2
312
3

